# DFG Links (T5 level) dump for sample_dfg_links.npz
# Total input records: 1
# --------------------------------------------

=== Record 0 ===
topic_id: 1
nl_text: A person is considered a programmer if they can write computer code
text_norm: ( FORALL x ( person ( x ) AND can_write_code ( x ) IMPLIES program ( x ) ) )
tokens (37): ['▁(', '▁FOR', 'ALL', '▁', 'x', '▁(', '▁person', '▁(', '▁', 'x', '▁', ')', '▁AND', '▁can', '_', 'write', '_', 'code', '▁(', '▁', 'x', '▁', ')', '▁', 'IMP', 'L', 'IES', '▁program', '▁(', '▁', 'x', '▁', ')', '▁', ')', '▁', ')']
types  (37): ['ignored', 'quantifier', 'quantifier', 'other', 'variable', 'ignored', 'predicate', 'ignored', 'other', 'variable', 'other', 'ignored', 'operator', 'predicate', 'predicate', 'predicate', 'predicate', 'predicate', 'ignored', 'other', 'variable', 'other', 'ignored', 'other', 'operator', 'operator', 'operator', 'predicate', 'ignored', 'other', 'variable', 'other', 'ignored', 'other', 'ignored', 'other', 'ignored']
token_predicate_id_T5 (LOCAL, len=37): [-1, -1, -1, -1, -1, -1, 0, -1, -1, -1, -1, -1, -1, 1, 1, 1, 1, 1, -1, -1, -1, -1, -1, -1, -1, -1, -1, 2, -1, -1, -1, -1, -1, -1, -1, -1, -1]
dfg_links shape: (37, 37)
dfg_links (row-wise):
      0  1  2  3  4  5  6  7  8  9 10 11 12 13 14 15 16 17 18 19 20 21 22 23 24 25 26 27 28 29 30 31 32 33 34 35 36
   0: -1 -1 -1 -1 -1 -1 -1 -1 -1 -1 -1 -1 -1 -1 -1 -1 -1 -1 -1 -1 -1 -1 -1 -1 -1 -1 -1 -1 -1 -1 -1 -1 -1 -1 -1 -1 -1
   1: -1  0  0 -1  0 -1  0 -1 -1  1 -1 -1  0  0  0  0  0  0 -1 -1  1 -1 -1 -1  0  0  0  0 -1 -1  1 -1 -1 -1 -1 -1 -1
   2: -1  0  0 -1  0 -1  0 -1 -1  0 -1 -1  0  0  0  0  0  0 -1 -1  0 -1 -1 -1  0  0  0  0 -1 -1  0 -1 -1 -1 -1 -1 -1
   3: -1 -1 -1 -1 -1 -1 -1 -1 -1 -1 -1 -1 -1 -1 -1 -1 -1 -1 -1 -1 -1 -1 -1 -1 -1 -1 -1 -1 -1 -1 -1 -1 -1 -1 -1 -1 -1
   4: -1  0  0 -1  0 -1  0 -1 -1  0 -1 -1  0  0  0  0  0  0 -1 -1  0 -1 -1 -1  0  0  0  0 -1 -1  0 -1 -1 -1 -1 -1 -1
   5: -1 -1 -1 -1 -1 -1 -1 -1 -1 -1 -1 -1 -1 -1 -1 -1 -1 -1 -1 -1 -1 -1 -1 -1 -1 -1 -1 -1 -1 -1 -1 -1 -1 -1 -1 -1 -1
   6: -1  0  0 -1  0 -1  0 -1 -1  1 -1 -1  0  0  0  0  0  0 -1 -1  0 -1 -1 -1  0  0  0  0 -1 -1  0 -1 -1 -1 -1 -1 -1
   7: -1 -1 -1 -1 -1 -1 -1 -1 -1 -1 -1 -1 -1 -1 -1 -1 -1 -1 -1 -1 -1 -1 -1 -1 -1 -1 -1 -1 -1 -1 -1 -1 -1 -1 -1 -1 -1
   8: -1 -1 -1 -1 -1 -1 -1 -1 -1 -1 -1 -1 -1 -1 -1 -1 -1 -1 -1 -1 -1 -1 -1 -1 -1 -1 -1 -1 -1 -1 -1 -1 -1 -1 -1 -1 -1
   9: -1  0  0 -1  0 -1  0 -1 -1  0 -1 -1  0  0  0  0  0  0 -1 -1  0 -1 -1 -1  0  0  0  0 -1 -1  0 -1 -1 -1 -1 -1 -1
  10: -1 -1 -1 -1 -1 -1 -1 -1 -1 -1 -1 -1 -1 -1 -1 -1 -1 -1 -1 -1 -1 -1 -1 -1 -1 -1 -1 -1 -1 -1 -1 -1 -1 -1 -1 -1 -1
  11: -1 -1 -1 -1 -1 -1 -1 -1 -1 -1 -1 -1 -1 -1 -1 -1 -1 -1 -1 -1 -1 -1 -1 -1 -1 -1 -1 -1 -1 -1 -1 -1 -1 -1 -1 -1 -1
  12: -1  0  0 -1  0 -1  0 -1 -1  0 -1 -1  0  0  0  0  0  0 -1 -1  0 -1 -1 -1  0  0  0  0 -1 -1  0 -1 -1 -1 -1 -1 -1
  13: -1  0  0 -1  0 -1  0 -1 -1  0 -1 -1  0  0  0  0  0  0 -1 -1  1 -1 -1 -1  0  0  0  0 -1 -1  0 -1 -1 -1 -1 -1 -1
  14: -1  0  0 -1  0 -1  0 -1 -1  0 -1 -1  0  0  0  0  0  0 -1 -1  1 -1 -1 -1  0  0  0  0 -1 -1  0 -1 -1 -1 -1 -1 -1
  15: -1  0  0 -1  0 -1  0 -1 -1  0 -1 -1  0  0  0  0  0  0 -1 -1  1 -1 -1 -1  0  0  0  0 -1 -1  0 -1 -1 -1 -1 -1 -1
  16: -1  0  0 -1  0 -1  0 -1 -1  0 -1 -1  0  0  0  0  0  0 -1 -1  1 -1 -1 -1  0  0  0  0 -1 -1  0 -1 -1 -1 -1 -1 -1
  17: -1  0  0 -1  0 -1  0 -1 -1  0 -1 -1  0  0  0  0  0  0 -1 -1  1 -1 -1 -1  0  0  0  0 -1 -1  0 -1 -1 -1 -1 -1 -1
  18: -1 -1 -1 -1 -1 -1 -1 -1 -1 -1 -1 -1 -1 -1 -1 -1 -1 -1 -1 -1 -1 -1 -1 -1 -1 -1 -1 -1 -1 -1 -1 -1 -1 -1 -1 -1 -1
  19: -1 -1 -1 -1 -1 -1 -1 -1 -1 -1 -1 -1 -1 -1 -1 -1 -1 -1 -1 -1 -1 -1 -1 -1 -1 -1 -1 -1 -1 -1 -1 -1 -1 -1 -1 -1 -1
  20: -1  0  0 -1  0 -1  0 -1 -1  0 -1 -1  0  0  0  0  0  0 -1 -1  0 -1 -1 -1  0  0  0  0 -1 -1  0 -1 -1 -1 -1 -1 -1
  21: -1 -1 -1 -1 -1 -1 -1 -1 -1 -1 -1 -1 -1 -1 -1 -1 -1 -1 -1 -1 -1 -1 -1 -1 -1 -1 -1 -1 -1 -1 -1 -1 -1 -1 -1 -1 -1
  22: -1 -1 -1 -1 -1 -1 -1 -1 -1 -1 -1 -1 -1 -1 -1 -1 -1 -1 -1 -1 -1 -1 -1 -1 -1 -1 -1 -1 -1 -1 -1 -1 -1 -1 -1 -1 -1
  23: -1 -1 -1 -1 -1 -1 -1 -1 -1 -1 -1 -1 -1 -1 -1 -1 -1 -1 -1 -1 -1 -1 -1 -1 -1 -1 -1 -1 -1 -1 -1 -1 -1 -1 -1 -1 -1
  24: -1  0  0 -1  0 -1  0 -1 -1  0 -1 -1  0  0  0  0  0  0 -1 -1  0 -1 -1 -1  0  0  0  0 -1 -1  0 -1 -1 -1 -1 -1 -1
  25: -1  0  0 -1  0 -1  0 -1 -1  0 -1 -1  0  0  0  0  0  0 -1 -1  0 -1 -1 -1  0  0  0  0 -1 -1  0 -1 -1 -1 -1 -1 -1
  26: -1  0  0 -1  0 -1  0 -1 -1  0 -1 -1  0  0  0  0  0  0 -1 -1  0 -1 -1 -1  0  0  0  0 -1 -1  0 -1 -1 -1 -1 -1 -1
  27: -1  0  0 -1  0 -1  0 -1 -1  0 -1 -1  0  0  0  0  0  0 -1 -1  0 -1 -1 -1  0  0  0  0 -1 -1  1 -1 -1 -1 -1 -1 -1
  28: -1 -1 -1 -1 -1 -1 -1 -1 -1 -1 -1 -1 -1 -1 -1 -1 -1 -1 -1 -1 -1 -1 -1 -1 -1 -1 -1 -1 -1 -1 -1 -1 -1 -1 -1 -1 -1
  29: -1 -1 -1 -1 -1 -1 -1 -1 -1 -1 -1 -1 -1 -1 -1 -1 -1 -1 -1 -1 -1 -1 -1 -1 -1 -1 -1 -1 -1 -1 -1 -1 -1 -1 -1 -1 -1
  30: -1  0  0 -1  0 -1  0 -1 -1  0 -1 -1  0  0  0  0  0  0 -1 -1  0 -1 -1 -1  0  0  0  0 -1 -1  0 -1 -1 -1 -1 -1 -1
  31: -1 -1 -1 -1 -1 -1 -1 -1 -1 -1 -1 -1 -1 -1 -1 -1 -1 -1 -1 -1 -1 -1 -1 -1 -1 -1 -1 -1 -1 -1 -1 -1 -1 -1 -1 -1 -1
  32: -1 -1 -1 -1 -1 -1 -1 -1 -1 -1 -1 -1 -1 -1 -1 -1 -1 -1 -1 -1 -1 -1 -1 -1 -1 -1 -1 -1 -1 -1 -1 -1 -1 -1 -1 -1 -1
  33: -1 -1 -1 -1 -1 -1 -1 -1 -1 -1 -1 -1 -1 -1 -1 -1 -1 -1 -1 -1 -1 -1 -1 -1 -1 -1 -1 -1 -1 -1 -1 -1 -1 -1 -1 -1 -1
  34: -1 -1 -1 -1 -1 -1 -1 -1 -1 -1 -1 -1 -1 -1 -1 -1 -1 -1 -1 -1 -1 -1 -1 -1 -1 -1 -1 -1 -1 -1 -1 -1 -1 -1 -1 -1 -1
  35: -1 -1 -1 -1 -1 -1 -1 -1 -1 -1 -1 -1 -1 -1 -1 -1 -1 -1 -1 -1 -1 -1 -1 -1 -1 -1 -1 -1 -1 -1 -1 -1 -1 -1 -1 -1 -1
  36: -1 -1 -1 -1 -1 -1 -1 -1 -1 -1 -1 -1 -1 -1 -1 -1 -1 -1 -1 -1 -1 -1 -1 -1 -1 -1 -1 -1 -1 -1 -1 -1 -1 -1 -1 -1 -1
edges (value==1): 10 edges
1 -> 9   (▁FOR -> x)
1 -> 20   (▁FOR -> x)
1 -> 30   (▁FOR -> x)
6 -> 9   (▁person -> x)
13 -> 20   (▁can -> x)
14 -> 20   (_ -> x)
15 -> 20   (write -> x)
16 -> 20   (_ -> x)
17 -> 20   (code -> x)
27 -> 30   (▁program -> x)
LOCAL PREDICATE VOCAB (id_local -> name):
0	person
1	can_write_code
2	program

