=== Record 0 ===
topic_id: 1
nl_text: A person is considered a programmer if they can write computer code
fol_text: (FORALL x (person(x) AND can_write_code(x) IMPLIES program(x)))
piece_ids: [41, 5652, 12126, 3, 226, 41, 568, 41, 3, 226, 3, 61, 3430, 54, 834, 17504, 834, 4978, 41, 3, 226, 3, 61, 3, 25657, 434, 11973, 478, 41, 3, 226, 3, 61, 3, 61, 3, 61]
piece_tokens: ['тЦБ(', 'тЦБFOR', 'ALL', 'тЦБ', 'x', 'тЦБ(', 'тЦБperson', 'тЦБ(', 'тЦБ', 'x', 'тЦБ', ')', 'тЦБAND', 'тЦБcan', '_', 'write', '_', 'code', 'тЦБ(', 'тЦБ', 'x', 'тЦБ', ')', 'тЦБ', 'IMP', 'L', 'IES', 'тЦБprogram', 'тЦБ(', 'тЦБ', 'x', 'тЦБ', ')', 'тЦБ', ')', 'тЦБ', ')']
labels (L_out=37): [41, 5652, 12126, 3, 226, 41, 568, 41, 3, 226, 3, 61, 3430, 54, 834, 17504, 834, 4978, 41, 3, 226, 3, 61, 3, 25657, 434, 11973, 478, 41, 3, 226, 3, 61, 3, 61, 3, 61]
ast_paths shape: (36, 10)
ast_paths:
[[-1 -1 -1 -1 -1 -1 -1 -1 -1 -1]
 [ 0 -1 -1 -1 -1 -1 -1 -1 -1 -1]
 [ 0 -1 -1 -1 -1 -1 -1 -1 -1 -1]
 [-1 -1 -1 -1 -1 -1 -1 -1 -1 -1]
 [ 0  1 -1 -1 -1 -1 -1 -1 -1 -1]
 [-1 -1 -1 -1 -1 -1 -1 -1 -1 -1]
 [ 0  3  5  2 -1 -1 -1 -1 -1 -1]
 [-1 -1 -1 -1 -1 -1 -1 -1 -1 -1]
 [-1 -1 -1 -1 -1 -1 -1 -1 -1 -1]
 [ 0  3  5  2  1 -1 -1 -1 -1 -1]
 [-1 -1 -1 -1 -1 -1 -1 -1 -1 -1]
 [-1 -1 -1 -1 -1 -1 -1 -1 -1 -1]
 [ 0  3  5 -1 -1 -1 -1 -1 -1 -1]
 [ 0  3  5  2 -1 -1 -1 -1 -1 -1]
 [ 0  3  5  2 -1 -1 -1 -1 -1 -1]
 [ 0  3  5  2 -1 -1 -1 -1 -1 -1]
 [ 0  3  5  2 -1 -1 -1 -1 -1 -1]
 [ 0  3  5  2 -1 -1 -1 -1 -1 -1]
 [-1 -1 -1 -1 -1 -1 -1 -1 -1 -1]
 [-1 -1 -1 -1 -1 -1 -1 -1 -1 -1]
 [ 0  3  5  2  1 -1 -1 -1 -1 -1]
 [-1 -1 -1 -1 -1 -1 -1 -1 -1 -1]
 [-1 -1 -1 -1 -1 -1 -1 -1 -1 -1]
 [-1 -1 -1 -1 -1 -1 -1 -1 -1 -1]
 [ 0  3 -1 -1 -1 -1 -1 -1 -1 -1]
 [ 0  3 -1 -1 -1 -1 -1 -1 -1 -1]
 [ 0  3 -1 -1 -1 -1 -1 -1 -1 -1]
 [ 0  3  2 -1 -1 -1 -1 -1 -1 -1]
 [-1 -1 -1 -1 -1 -1 -1 -1 -1 -1]
 [-1 -1 -1 -1 -1 -1 -1 -1 -1 -1]
 [ 0  3  2  1 -1 -1 -1 -1 -1 -1]
 [-1 -1 -1 -1 -1 -1 -1 -1 -1 -1]
 [-1 -1 -1 -1 -1 -1 -1 -1 -1 -1]
 [-1 -1 -1 -1 -1 -1 -1 -1 -1 -1]
 [-1 -1 -1 -1 -1 -1 -1 -1 -1 -1]
 [-1 -1 -1 -1 -1 -1 -1 -1 -1 -1]]
piece2tok: [0, 1, 1, -1, 2, 3, 4, 5, -1, 6, -1, 7, 8, 9, 9, 9, 9, 9, 10, -1, 11, -1, 12, -1, 13, 13, 13, 14, 15, -1, 16, -1, 17, -1, 18, -1, 19]
offsets: [(0, 1), (2, 5), (5, 8), (9, 10), (9, 10), (11, 12), (13, 19), (20, 21), (22, 23), (22, 23), (24, 25), (24, 25), (26, 29), (30, 33), (33, 34), (34, 39), (39, 40), (40, 44), (45, 46), (47, 48), (47, 48), (49, 50), (49, 50), (51, 52), (51, 54), (54, 55), (55, 58), (59, 66), (67, 68), (69, 70), (69, 70), (71, 72), (71, 72), (73, 74), (73, 74), (75, 76), (75, 76)]

