=== Record 0 ===
topic_id: 1
nl_text: A person is considered a programmer if they can write computer code
fol_text: (FORALL x (person(x) AND can_write_code(x) IMPLIES program(x)))
piece_ids: [41, 5652, 12126, 3, 226, 41, 568, 41, 3, 226, 3, 61, 3430, 54, 834, 17504, 834, 4978, 41, 3, 226, 3, 61, 3, 25657, 434, 11973, 478, 41, 3, 226, 3, 61, 3, 61, 3, 61]
piece_tokens: ['▁(', '▁FOR', 'ALL', '▁', 'x', '▁(', '▁person', '▁(', '▁', 'x', '▁', ')', '▁AND', '▁can', '_', 'write', '_', 'code', '▁(', '▁', 'x', '▁', ')', '▁', 'IMP', 'L', 'IES', '▁program', '▁(', '▁', 'x', '▁', ')', '▁', ')', '▁', ')']
labels (L_out=37): [41, 5652, 12126, 3, 226, 41, 568, 41, 3, 226, 3, 61, 3430, 54, 834, 17504, 834, 4978, 41, 3, 226, 3, 61, 3, 25657, 434, 11973, 478, 41, 3, 226, 3, 61, 3, 61, 3, 61]
cpp_paths shape: (36, 10)
cpp_paths:
[[-1 -1 -1 -1 -1 -1 -1 -1 -1 -1]
 [ 0 -1 -1 -1 -1 -1 -1 -1 -1 -1]
 [ 0 -1 -1 -1 -1 -1 -1 -1 -1 -1]
 [-1 -1 -1 -1 -1 -1 -1 -1 -1 -1]
 [ 0  1 -1 -1 -1 -1 -1 -1 -1 -1]
 [-1 -1 -1 -1 -1 -1 -1 -1 -1 -1]
 [ 0  3  5  2 -1 -1 -1 -1 -1 -1]
 [-1 -1 -1 -1 -1 -1 -1 -1 -1 -1]
 [-1 -1 -1 -1 -1 -1 -1 -1 -1 -1]
 [ 0  3  5  2  1 -1 -1 -1 -1 -1]
 [-1 -1 -1 -1 -1 -1 -1 -1 -1 -1]
 [-1 -1 -1 -1 -1 -1 -1 -1 -1 -1]
 [ 0  3  5 -1 -1 -1 -1 -1 -1 -1]
 [ 0  3  5  2 -1 -1 -1 -1 -1 -1]
 [ 0  3  5  2 -1 -1 -1 -1 -1 -1]
 [ 0  3  5  2 -1 -1 -1 -1 -1 -1]
 [ 0  3  5  2 -1 -1 -1 -1 -1 -1]
 [ 0  3  5  2 -1 -1 -1 -1 -1 -1]
 [-1 -1 -1 -1 -1 -1 -1 -1 -1 -1]
 [-1 -1 -1 -1 -1 -1 -1 -1 -1 -1]
 [ 0  3  5  2  1 -1 -1 -1 -1 -1]
 [-1 -1 -1 -1 -1 -1 -1 -1 -1 -1]
 [-1 -1 -1 -1 -1 -1 -1 -1 -1 -1]
 [-1 -1 -1 -1 -1 -1 -1 -1 -1 -1]
 [ 0  3 -1 -1 -1 -1 -1 -1 -1 -1]
 [ 0  3 -1 -1 -1 -1 -1 -1 -1 -1]
 [ 0  3 -1 -1 -1 -1 -1 -1 -1 -1]
 [ 0  3  2 -1 -1 -1 -1 -1 -1 -1]
 [-1 -1 -1 -1 -1 -1 -1 -1 -1 -1]
 [-1 -1 -1 -1 -1 -1 -1 -1 -1 -1]
 [ 0  3  2  1 -1 -1 -1 -1 -1 -1]
 [-1 -1 -1 -1 -1 -1 -1 -1 -1 -1]
 [-1 -1 -1 -1 -1 -1 -1 -1 -1 -1]
 [-1 -1 -1 -1 -1 -1 -1 -1 -1 -1]
 [-1 -1 -1 -1 -1 -1 -1 -1 -1 -1]
 [-1 -1 -1 -1 -1 -1 -1 -1 -1 -1]]
piece2tok: [0, 1, 1, -1, 2, 3, 4, 5, -1, 6, -1, 7, 8, 9, 9, 9, 9, 9, 10, -1, 11, -1, 12, -1, 13, 13, 13, 14, 15, -1, 16, -1, 17, -1, 18, -1, 19]
offsets: [(0, 1), (2, 5), (5, 8), (9, 10), (9, 10), (11, 12), (13, 19), (20, 21), (22, 23), (22, 23), (24, 25), (24, 25), (26, 29), (30, 33), (33, 34), (34, 39), (39, 40), (40, 44), (45, 46), (47, 48), (47, 48), (49, 50), (49, 50), (51, 52), (51, 54), (54, 55), (55, 58), (59, 66), (67, 68), (69, 70), (69, 70), (71, 72), (71, 72), (73, 74), (73, 74), (75, 76), (75, 76)]

=== Record 1 ===
topic_id: 2
nl_text: All students make mistakes
fol_text: (FORALL x (student(x) IMPLIES EXISTS y (mistake(y) AND makes(x, y))))
piece_ids: [41, 5652, 12126, 3, 226, 41, 1236, 41, 3, 226, 3, 61, 3, 25657, 434, 11973, 262, 4, 13582, 134, 3, 63, 41, 6202, 41, 3, 63, 3, 61, 3430, 656, 41, 3, 226, 3, 6, 3, 63, 3, 61, 3, 61, 3, 61, 3, 61]
piece_tokens: ['▁(', '▁FOR', 'ALL', '▁', 'x', '▁(', '▁student', '▁(', '▁', 'x', '▁', ')', '▁', 'IMP', 'L', 'IES', '▁E', 'X', 'IST', 'S', '▁', 'y', '▁(', '▁mistake', '▁(', '▁', 'y', '▁', ')', '▁AND', '▁makes', '▁(', '▁', 'x', '▁', ',', '▁', 'y', '▁', ')', '▁', ')', '▁', ')', '▁', ')']
labels (L_out=46): [41, 5652, 12126, 3, 226, 41, 1236, 41, 3, 226, 3, 61, 3, 25657, 434, 11973, 262, 4, 13582, 134, 3, 63, 41, 6202, 41, 3, 63, 3, 61, 3430, 656, 41, 3, 226, 3, 6, 3, 63, 3, 61, 3, 61, 3, 61, 3, 61]
cpp_paths shape: (45, 10)
cpp_paths:
[[-1 -1 -1 -1 -1 -1 -1 -1 -1 -1]
 [ 0 -1 -1 -1 -1 -1 -1 -1 -1 -1]
 [ 0 -1 -1 -1 -1 -1 -1 -1 -1 -1]
 [-1 -1 -1 -1 -1 -1 -1 -1 -1 -1]
 [ 0  1 -1 -1 -1 -1 -1 -1 -1 -1]
 [-1 -1 -1 -1 -1 -1 -1 -1 -1 -1]
 [ 0  3  2 -1 -1 -1 -1 -1 -1 -1]
 [-1 -1 -1 -1 -1 -1 -1 -1 -1 -1]
 [-1 -1 -1 -1 -1 -1 -1 -1 -1 -1]
 [ 0  3  2  1 -1 -1 -1 -1 -1 -1]
 [-1 -1 -1 -1 -1 -1 -1 -1 -1 -1]
 [-1 -1 -1 -1 -1 -1 -1 -1 -1 -1]
 [-1 -1 -1 -1 -1 -1 -1 -1 -1 -1]
 [ 0  3 -1 -1 -1 -1 -1 -1 -1 -1]
 [ 0  3 -1 -1 -1 -1 -1 -1 -1 -1]
 [ 0  3 -1 -1 -1 -1 -1 -1 -1 -1]
 [ 0  3  4 -1 -1 -1 -1 -1 -1 -1]
 [ 0  3  4 -1 -1 -1 -1 -1 -1 -1]
 [ 0  3  4 -1 -1 -1 -1 -1 -1 -1]
 [ 0  3  4 -1 -1 -1 -1 -1 -1 -1]
 [-1 -1 -1 -1 -1 -1 -1 -1 -1 -1]
 [ 0  3  4  1 -1 -1 -1 -1 -1 -1]
 [-1 -1 -1 -1 -1 -1 -1 -1 -1 -1]
 [ 0  3  4  5  2 -1 -1 -1 -1 -1]
 [-1 -1 -1 -1 -1 -1 -1 -1 -1 -1]
 [-1 -1 -1 -1 -1 -1 -1 -1 -1 -1]
 [ 0  3  4  5  2  1 -1 -1 -1 -1]
 [-1 -1 -1 -1 -1 -1 -1 -1 -1 -1]
 [-1 -1 -1 -1 -1 -1 -1 -1 -1 -1]
 [ 0  3  4  5 -1 -1 -1 -1 -1 -1]
 [ 0  3  4  5  2 -1 -1 -1 -1 -1]
 [-1 -1 -1 -1 -1 -1 -1 -1 -1 -1]
 [-1 -1 -1 -1 -1 -1 -1 -1 -1 -1]
 [ 0  3  4  5  2  1 -1 -1 -1 -1]
 [-1 -1 -1 -1 -1 -1 -1 -1 -1 -1]
 [-1 -1 -1 -1 -1 -1 -1 -1 -1 -1]
 [-1 -1 -1 -1 -1 -1 -1 -1 -1 -1]
 [ 0  3  4  5  2  1 -1 -1 -1 -1]
 [-1 -1 -1 -1 -1 -1 -1 -1 -1 -1]
 [-1 -1 -1 -1 -1 -1 -1 -1 -1 -1]
 [-1 -1 -1 -1 -1 -1 -1 -1 -1 -1]
 [-1 -1 -1 -1 -1 -1 -1 -1 -1 -1]
 [-1 -1 -1 -1 -1 -1 -1 -1 -1 -1]
 [-1 -1 -1 -1 -1 -1 -1 -1 -1 -1]
 [-1 -1 -1 -1 -1 -1 -1 -1 -1 -1]]
piece2tok: [0, 1, 1, -1, 2, 3, 4, 5, -1, 6, -1, 7, -1, 8, 8, 8, 9, 9, 9, 9, -1, 10, 11, 12, 13, -1, 14, -1, 15, 16, 17, 18, -1, 19, -1, 20, -1, 21, -1, 22, -1, 23, -1, 24, -1, 25]
offsets: [(0, 1), (2, 5), (5, 8), (9, 10), (9, 10), (11, 12), (13, 20), (21, 22), (23, 24), (23, 24), (25, 26), (25, 26), (27, 28), (27, 30), (30, 31), (31, 34), (35, 36), (36, 37), (37, 40), (40, 41), (42, 43), (42, 43), (44, 45), (46, 53), (54, 55), (56, 57), (56, 57), (58, 59), (58, 59), (60, 63), (64, 69), (70, 71), (72, 73), (72, 73), (74, 75), (74, 75), (76, 77), (76, 77), (78, 79), (78, 79), (80, 81), (80, 81), (82, 83), (82, 83), (84, 85), (84, 85)]

